chr2_1001713_1001913	0	0	0	1	1	0	0	0	1	1	0	1
chr2_3000870_3001070	0	0	0	1	1	0	0	0	1	1	0	1
chr2_4007269_4007469	0	0	0	1	1	0	0	0	1	1	0	1
chr2_8000684_8000884	0	0	0	1	0	0	0	0	1	1	0	1
chr2_8582876_8583076	0	0	0	1	0	0	0	0	1	1	0	1
chr2_11015046_11015246	0	0	0	1	0	0	0	0	1	1	0	1
chr2_13490350_13490550	0	1	0	1	0	1	0	0	1	1	0	1
chr2_13511635_13511835	0	1	0	1	0	1	0	0	1	1	0	1
chr2_14002548_14002748	0	1	0	1	0	1	0	0	1	1	0	1
chr2_16002622_16002822	0	1	0	1	0	1	0	0	1	1	0	1
chr2_17037670_17037870	0	1	0	1	0	1	0	0	1	1	0	1
chr2_18001628_18001828	0	1	0	1	0	1	0	0	1	1	0	1
chr2_20462761_20462961	0	1	0	1	0	1	0	0	1	1	0	1
chr2_22597235_22597435	0	1	0	1	0	1	0	0	1	1	0	1
chr2_23005071_23005271	0	1	0	1	0	1	0	0	1	1	0	1
chr2_23592108_23592308	0	1	0	1	0	1	0	0	1	1	0	1
