1	2	3	4	5	6	7	8	9	10	11	12	
SAMPLE_NAME	F16B2	F19A10	F19A9	F19B10	F19B9	F19C10	M17A2	M17B2	M17C2	M17D2	M17E2	M17F2
chr2_1001713_1001913	A	0	0	1	1	0	0	0	1	1	0	1
chr2_3000870_3001070	A	0	0	1	1	0	0	0	1	1	0	1
chr2_4007269_4007469	T	0	0	1	1	0	0	0	1	1	0	1
chr2_8000684_8000884	A	0	0	1	0	0	0	0	1	1	0	1
chr2_8582876_8583076	A	0	0	1	0	0	0	0	1	1	0	1
chr2_11015046_11015246	T	0	0	1	0	0	0	0	1	1	0	1
chr2_13490350_13490550	A	1	0	1	0	1	0	0	1	1	0	1
chr2_13511635_13511835	A	1	0	1	0	1	0	0	1	1	0	1
chr2_14002548_14002748	C	1	0	1	0	1	0	0	1	1	0	1
chr2_16002622_16002822	A	1	0	1	0	1	0	0	1	1	0	1
chr2_17037670_17037870	A	1	0	1	0	1	0	0	1	1	0	1
chr2_18001628_18001828	T	1	0	1	0	1	0	0	1	1	0	1
chr2_20462761_20462961	T	1	0	1	0	1	0	0	1	1	0	1
chr2_22597235_22597435	C	1	0	1	0	1	0	0	1	1	0	1
chr2_23005071_23005271	A	1	0	1	0	1	0	0	1	1	0	1
chr2_23592108_23592308	A	1	0	1	0	1	0	0	1	1	0	1
trait	117.4162112	108.8866109	108.2958454	43.84317095	40.93447299	103.3469549	110.0872745	116.8844333	39.65652324	44.20954489	105.1687972	30.15142168
